29505784
40547139
37113437
30614728
14134590
74402163
42927177
52864144
73326165
9231616
71278837
45849818
10840082
93532176
18122207
57922429
94965051
80165562
19234443
22083598
15973412
11980187
92279749
72140090
46016410
28515305
70481412
74807091
50534539
65852947
34112204
65484726
2945333
75134239
78998721
83889327
8267786
6948977
25260575
4277727
18152327
88629556
54046040
73638340
86119994
74407200
40078649
27539821
14190805
52697792
61718333
33666324
47137520
98143419
63624404
12462342
12199378
80885230
98092264
15485693
72988202
48190370
89987947
64490314
7859483
97815621
71216159
83171264
98930775
71886469
95178273
60491339
43782414
93266350
64412179
91300580
15386214
81145684
5971536
67481387
11308987
38229057
67267765
62463055
90102614
97767955
17844087
79073079
45538049
12782437
87217546
24138571
38364175
90566445
82174885
22557302
13590949
89135286
78459408
718543
