74592097
86011827
99733056
34416597
4726585
56774102
47049589
81490096
6116171
83085276
39261263
36001562
18700074
10591969
58758097
17584653
89451229
85090635
86950113
54865350
99152473
10387647
28948627
36616066
48766770
21013822
85933005
23079497
41998573
63013351
52188493
71169088
30308805
73196019
74415289
25753689
43664673
64818083
35537381
47018461
71735891
31165816
65636924
92275287
76866196
27730358
23918810
19829029
750047
62949608
28789852
8348007
85204730
29968428
97224771
35863439
13163827
64842993
98046269
47151453
5573039
77764530
72348808
43662492
16229830
83537247
63215313
85371063
11553570
58564875
31723086
74671831
17866183
27464003
42565417
55487774
38780951
96820611
84905325
11296298
53295143
87190013
79668143
21630691
96308761
29080461
73911230
29051637
69573074
39408338
32760474
10262741
7876762
86120524
11272141
41444171
59259858
89379787
2626586
9197976
