95331344
28440579
27887096
370036
13658727
48226577
36987795
16055521
4399451
15610165
24984449
96060795
34102140
38064166
76842165
61557284
12370113
28606336
63238662
63624049
53290163
43141878
33270291
80298423
75612762
79980241
20964880
55568979
79247313
60702286
7645192
15137043
53156173
16442377
74450865
5622506
29655200
84142707
48673990
92415954
93922978
43012156
35953271
60910868
50631619
5698674
33194619
38920503
8706481
29484638
15683585
25326709
69675886
83796174
56257832
22367953
53868048
16378912
67593232
28412298
18558566
63503304
80651588
64974230
89622988
38896861
22946479
43672342
67806925
15977604
93582921
16787568
51070800
64774690
3580450
21512970
57554018
32534209
28777485
62885955
2372295
37802097
68836518
48280062
19129252
13004493
76840961
6957185
4974330
28679707
19414965
12999408
90087453
73014548
30404757
98816895
23060289
23781288
92924972
95387759
