517069
23785626
65157007
92712205
75467668
1010427
88007817
27511817
11774139
86319685
78542852
75343200
93337477
74538009
69505402
33080739
75458866
97173189
50408188
79903097
38274044
71095082
38712622
83816024
72626258
41596321
65539243
45450756
42848697
32924742
68642271
27539954
2898024
40051458
91227743
79730126
49193765
16792628
50749684
47551323
55763487
56795514
87409525
146102
54796302
24950344
58698387
8329536
18335827
90466373
68952909
56381829
53004224
56145388
64798318
21775474
9792692
41478792
93764297
46021873
16039325
52351066
69432289
99750198
72897960
11306686
13723214
84265360
4834352
40925926
78359067
5400338
24493826
71547624
1668642
94637020
53340051
49578653
50929491
82385329
91267598
79094769
50445666
73452416
14436726
64305561
80512006
69936646
93580165
97721919
10898380
91577564
50660449
75280256
13920235
68013078
61470935
10112470
49598764
96013272
