31122219
77103813
69816621
32096160
41024767
1685942
44309702
18694037
73455962
21337450
34775867
53913879
58582387
44806233
81330895
87278354
35686322
15154639
30987645
33912920
28496906
77219565
49979006
72603244
48314308
34371211
4175574
28616828
8156717
81001695
11103846
14397619
45862942
41482142
48261501
62561911
11545761
25626518
31990787
35144589
13004683
67986372
86297794
97113029
2625214
45713678
71542795
70974326
15218544
27249592
55976108
86818331
48651994
10050414
58419193
32129369
75858907
38223081
88635563
42743750
86532056
47378734
86010573
46223420
73348746
94308998
72114896
97435374
52950375
70294672
91196366
24409650
61585471
67108823
4885978
26081827
96198450
31033523
7690256
90555843
98646713
79496753
45190552
89108102
16462715
49122436
77302077
81724616
6480705
35497765
60990643
60394737
84269540
86743073
63779606
83211525
3803298
97748208
88928564
86304612
